TECHNOLOGIES	 c_inv	 c_maint	 lifetime	  f_min	 f	 f_max	 fmin_perc	f_perc	 fmax_perc	 c_p	 c_p_max	 tau	 gwp_constr
 UNITS	[M€/GW]	 [M€/GW/y]	 [y]	 [GW or GWh]	 [GW or GWh]	 [GW or GWh]	 [0-1]	 [0-1]	 [0-1]	 [0-1]	 [0-1]	 [-]	 [ktCO2-eq./GW or GWh] 
NUCLEAR	0.000000	0.000000	60.000000	0.000000	0.000000	0.000000	0.000000	0.000000	1.000000	0.000000	0.849000	0.025393	0.000000
CCGT	7969.282827	201.837129	25.000000	0.000000	10.613399	Infinity	0.000000	0.361435	1.000000	0.576634	0.961540	0.048263	1950.636583
CCGT_AMMONIA	0.000646	0.000016	25.000000	0.000000	0.000001	Infinity	0.000000	0.000000	1.000000	0.000644	0.630000	0.048263	0.000158
COAL_US	0.000000	0.000000	35.000000	0.000000	0.000000	0.000000	0.000000	0.000000	1.000000	0.000000	0.868000	0.036934	0.000000
COAL_IGCC	0.000000	0.000000	35.000000	0.000000	0.000000	0.000000	0.000000	0.000000	1.000000	0.000000	0.856000	0.036934	0.000000
PV	33616.351405	383.901942	25.000000	0.000000	52.611865	59.200000	0.000000	0.356408	1.000000	0.114707	1.000000	0.048263	109507.915025
WIND_ONSHORE	9788.199999	113.845000	30.000000	0.000000	10.000000	10.000000	0.000000	0.138692	1.000000	0.234842	1.000000	0.041639	6228.499999
WIND_OFFSHORE	27919.199986	194.247600	30.000000	0.000000	6.000000	6.000000	0.000000	0.140270	1.000000	0.395857	1.000000	0.041639	3737.099998
HYDRO_RIVER	580.165795	5.801152	40.000000	0.000000	0.115000	0.115000	0.000000	0.003196	1.000000	0.470533	1.000000	0.033427	145.224299
GEOTHERMAL	0.000000	0.000000	30.000000	0.000000	0.000000	0.000000	0.000000	0.000000	1.000000	0.000000	0.950000	0.041639	0.000000
IND_COGEN_GAS	2354.258442	151.328957	25.000000	0.000000	1.797418	Infinity	0.000000	0.218644	1.000000	0.844434	0.850000	0.048263	1841.131476
IND_COGEN_WOOD	0.000638	0.000023	25.000000	0.000000	0.000001	Infinity	0.000000	0.000000	1.000000	0.001128	0.850000	0.048263	0.000105
IND_COGEN_WASTE	0.000801	0.000030	25.000000	0.000000	0.000000	Infinity	0.000000	0.000000	1.000000	0.001216	0.850000	0.048263	0.000196
IND_BOILER_GAS	0.001271	0.000025	17.000000	0.000000	0.000022	Infinity	0.000000	0.000000	1.000000	0.025113	0.950000	0.067080	0.000266
IND_BOILER_WOOD	0.000551	0.000011	17.000000	0.000000	0.000005	Infinity	0.000000	0.000000	1.000000	0.004407	0.900000	0.067080	0.000138
IND_BOILER_OIL	0.000434	0.000009	17.000000	0.000000	0.000008	Infinity	0.000000	0.000000	1.000000	0.001395	0.950000	0.067080	0.000097
IND_BOILER_COAL	399.585405	7.991673	17.000000	0.000000	3.469226	Infinity	0.000000	0.449777	1.000000	0.900000	0.900000	0.067080	167.147290
IND_BOILER_WASTE	213.240007	4.264782	17.000000	0.000000	1.851363	Infinity	0.000000	0.240025	1.000000	0.900000	0.900000	0.067080	53.448854
IND_DIRECT_ELEC	2377.514175	10.785376	15.000000	0.000000	7.153861	Infinity	0.000000	0.091554	1.000000	0.088841	0.950000	0.074944	10.516176
DHN_HP_ELEC	2165.175760	73.418931	25.000000	0.000000	6.813443	Infinity	0.000000	1.000000	1.000000	0.663548	0.950000	0.048263	1190.921616
DHN_COGEN_GAS	0.001580	0.000046	25.000000	0.000000	0.000001	Infinity	0.000000	0.000000	1.000000	0.005627	0.850000	0.048263	0.000665
DHN_COGEN_WOOD	0.000491	0.000018	25.000000	0.000000	0.000000	Infinity	0.000000	0.000000	1.000000	0.000636	0.850000	0.048263	0.000081
DHN_COGEN_WASTE	0.000635	0.000023	25.000000	0.000000	0.000000	Infinity	0.000000	0.000000	1.000000	0.000600	0.850000	0.048263	0.000155
DHN_COGEN_WET_BIOMASS	0.000664	0.000054	25.000000	0.000000	0.000001	Infinity	0.000000	0.000000	1.000000	0.002466	0.750000	0.048263	0.000532
DHN_COGEN_BIO_HYDROLYSIS	0.001433	0.000070	15.000000	0.000000	0.000000	Infinity	0.000000	0.000000	1.000000	0.002708	0.850000	0.074944	0.000220
DHN_BOILER_GAS	0.000102	0.000002	17.000000	0.000000	0.000002	Infinity	0.000000	0.000000	1.000000	0.001138	0.950000	0.067080	0.000021
DHN_BOILER_WOOD	0.000173	0.000003	17.000000	0.000000	0.000002	Infinity	0.000000	0.000000	1.000000	0.000998	0.900000	0.067080	0.000043
DHN_BOILER_OIL	0.000090	0.000002	17.000000	0.000000	0.000002	Infinity	0.000000	0.000000	1.000000	0.000698	0.950000	0.067080	0.000020
DHN_DEEP_GEO	0.000000	0.000000	30.000000	0.000000	0.000000	0.000000	0.000000	0.000000	1.000000	0.000000	0.850000	0.041639	0.000000
DHN_SOLAR	0.000333	0.000000	30.000000	0.000000	0.000001	Infinity	0.000000	0.000000	1.000000	0.000475	1.000000	0.041639	0.000213
DEC_HP_ELEC	8381.779946	349.477698	18.000000	0.000000	18.481203	Infinity	0.000000	0.994086	1.000000	0.452600	1.000000	0.063806	3047.365544
DEC_THHP_GAS	32.366081	0.945956	20.000000	0.000000	0.111231	Infinity	0.000000	0.005914	1.000000	0.447342	1.000000	0.058246	42.482566
DEC_COGEN_GAS	0.001131	0.000073	20.000000	0.000000	0.000001	Infinity	0.000000	0.000000	1.000000	0.002749	1.000000	0.058246	0.000885
DEC_COGEN_OIL	0.000761	0.000047	20.000000	0.000000	0.000001	Infinity	0.000000	0.000000	1.000000	0.000780	1.000000	0.058246	0.000642
DEC_ADVCOGEN_GAS	0.002090	0.000039	20.000000	0.000000	0.000000	Infinity	0.000000	0.000000	1.000000	0.001382	1.000000	0.058246	0.000811
DEC_ADVCOGEN_H2	0.001250	0.000023	20.000000	0.000000	0.000000	Infinity	0.000000	0.000000	1.000000	0.000321	1.000000	0.058246	0.000485
DEC_BOILER_GAS	0.000810	0.000024	17.000000	0.000000	0.000005	Infinity	0.000000	0.000000	1.000000	0.002172	1.000000	0.067080	0.000108
DEC_BOILER_WOOD	0.000826	0.000029	17.000000	0.000000	0.000002	Infinity	0.000000	0.000000	1.000000	0.001504	1.000000	0.067080	0.000038
DEC_BOILER_OIL	0.000604	0.000036	17.000000	0.000000	0.000004	Infinity	0.000000	0.000000	1.000000	0.000991	1.000000	0.067080	0.000089
DEC_SOLAR	0.005508	0.000061	20.000000	0.000000	0.000008	Infinity	0.000000	0.000000	1.000000	0.003863	1.000000	0.058246	0.001769
DEC_DIRECT_ELEC	0.000877	0.000004	15.000000	0.000000	0.000023	Infinity	0.000000	0.000000	1.000000	0.001030	1.000000	0.074944	0.000034
TRAMWAY_TROLLEY	4977.081400	99.541628	30.000000	0.000000	7.963330	Infinity	0.000000	0.300000	0.300000	0.342470	0.342470	0.041639	0.000000
BUS_COACH_DIESEL	0.000332	0.000016	15.000000	0.000000	0.000001	Infinity	0.000000	0.000000	1.000000	0.001810	0.296800	0.074944	0.000000
BUS_COACH_HYDIESEL	0.000164	0.000006	15.000000	0.000000	0.000000	Infinity	0.000000	0.000000	1.000000	0.000917	0.296800	0.074944	0.000000
BUS_COACH_CNG_STOICH	13463.627988	655.120121	15.000000	0.000000	21.440264	Infinity	0.000000	0.700000	1.000000	0.296800	0.296800	0.074944	0.000000
BUS_COACH_FC_HYBRIDH2	0.000074	0.000002	15.000000	0.000000	0.000000	Infinity	0.000000	0.000000	1.000000	0.000277	0.296800	0.074944	0.000000
TRAIN_PUB	0.000487	0.000018	40.000000	0.000000	0.000000	Infinity	0.000000	0.000000	0.500000	0.001087	0.275070	0.033427	0.000000
CAR_GASOLINE	0.000065	0.000004	10.000000	0.000000	0.000000	Infinity	0.000000	0.000000	1.000000	0.000131	0.051370	0.108434	0.000000
CAR_DIESEL	0.000062	0.000003	10.000000	0.000000	0.000000	Infinity	0.000000	0.000000	1.000000	0.000161	0.051370	0.108434	0.000000
CAR_NG	0.000053	0.000003	10.000000	0.000000	0.000000	Infinity	0.000000	0.000000	1.000000	0.000126	0.051370	0.108434	0.000000
CAR_METHANOL	0.000051	0.000003	10.000000	0.000000	0.000000	Infinity	0.000000	0.000000	1.000000	0.000250	0.051370	0.108434	0.000000
CAR_HEV	0.000236	0.000018	10.000000	0.000000	0.000001	Infinity	0.000000	0.000000	1.000000	0.000403	0.051370	0.108434	0.000000
CAR_PHEV	0.021977	0.001619	10.000000	0.000000	0.000048	Infinity	0.000000	0.000000	1.000000	0.015169	0.051370	0.108434	0.000000
CAR_BEV	73381.905350	1769.645871	10.000000	0.000000	176.964587	Infinity	0.000000	1.000000	1.000000	0.051370	0.051370	0.108434	0.000000
CAR_FUEL_CELL	0.000078	0.000001	10.000000	0.000000	0.000000	Infinity	0.000000	0.000000	1.000000	0.000174	0.051370	0.108434	0.000000
TRAIN_FREIGHT	807.210509	16.143514	40.000000	0.000000	7.730421	Infinity	0.000000	1.000000	1.000000	0.342470	0.342470	0.033427	0.000000
BOAT_FREIGHT_DIESEL	0.001045	0.000051	40.000000	0.000000	0.000013	Infinity	0.000000	0.000000	1.000000	0.015168	0.114160	0.033427	0.000000
BOAT_FREIGHT_NG	2184.551987	106.290003	40.000000	0.000000	27.828688	Infinity	0.000000	1.000000	1.000000	0.114160	0.114160	0.033427	0.000000
BOAT_FREIGHT_METHANOL	0.000006	0.000000	40.000000	0.000000	0.000000	Infinity	0.000000	0.000000	1.000000	0.000313	0.114160	0.033427	0.000000
TRUCK_DIESEL	0.000193	0.000009	15.000000	0.000000	0.000001	Infinity	0.000000	0.000000	1.000000	0.000485	0.092590	0.074944	0.000000
TRUCK_METHANOL	0.000011	0.000001	15.000000	0.000000	0.000000	Infinity	0.000000	0.000000	1.000000	0.000067	0.092590	0.074944	0.000000
TRUCK_FUEL_CELL	20835.635403	621.044294	15.000000	0.000000	51.467617	Infinity	0.000000	1.000000	1.000000	0.092590	0.092590	0.074944	0.000000
TRUCK_ELEC	0.000011	0.000000	15.000000	0.000000	0.000000	Infinity	0.000000	0.000000	1.000000	0.000058	0.092590	0.074944	0.000000
TRUCK_NG	0.000136	0.000007	15.000000	0.000000	0.000000	Infinity	0.000000	0.000000	1.000000	0.000359	0.092590	0.074944	0.000000
HABER_BOSCH	0.000658	0.000013	20.000000	0.000000	0.000001	Infinity	0.000000	1.000000	1.000000	0.000956	1.000000	0.058246	0.000000
SYN_METHANOLATION	0.000711	0.000020	20.000000	0.000000	0.000001	Infinity	0.000000	0.000000	1.000000	0.001724	0.950000	0.058246	0.000000
METHANE_TO_METHANOL	0.001099	0.000048	25.000000	0.000000	0.000002	Infinity	0.000000	0.000001	1.000000	0.010849	0.850000	0.048263	0.000000
BIOMASS_TO_METHANOL	3005.137584	45.911824	20.000000	0.000000	1.703593	Infinity	0.000000	0.999999	1.000000	1.000000	1.000000	0.058246	0.000000
OIL_TO_HVC	1339.703995	7.122553	15.000000	0.000000	3.666203	Infinity	0.000000	0.749419	1.000000	1.000000	1.000000	0.074944	0.000000
GAS_TO_HVC	0.000737	0.000018	25.000000	0.000000	0.000001	Infinity	0.000000	0.000000	1.000000	0.000708	1.000000	0.048263	0.000000
BIOMASS_TO_HVC	0.001731	0.000052	20.000000	0.000000	0.000001	Infinity	0.000000	0.000000	1.000000	0.011351	1.000000	0.058246	0.000000
METHANOL_TO_HVC	790.676547	71.160521	20.000000	0.000000	1.225855	Infinity	0.000000	0.250581	1.000000	1.000000	1.000000	0.058246	0.000000
PHS	382.197525	0.000000	50.000000	5.000000	6.499958	6.500000	0.000000	-1.000000	1.000000	0.019063	1.000000	0.028572	
BATT_LI	0.009318	0.000014	15.000000	0.000000	0.000059	Infinity	0.000000	-1.000000	1.000000	0.018650	1.000000	0.074944	
BEV_BATT	0.000000	0.000000	1.000000	0.000000	175.560106	Infinity	0.000000	-1.000000	1.000000	0.003753	1.000000	1.015000	
PHEV_BATT	0.000000	0.000000	1.000000	0.000000	0.000009	Infinity	0.000000	-1.000000	1.000000	0.000675	1.000000	1.015000	
TS_DEC_DIRECT_ELEC	0.002092	0.000015	20.000000	0.000000	0.000110	Infinity	0.000000	-1.000000	1.000000	0.001003	1.000000	0.058246	
TS_DEC_HP_ELEC	1071.877596	7.503708	20.000000	0.000000	56.503827	Infinity	0.000000	-1.000000	1.000000	0.033463	1.000000	0.058246	
TS_DEC_THHP_GAS	2.620821	0.018347	20.000000	0.000000	0.138156	Infinity	0.000000	-1.000000	1.000000	0.053903	1.000000	0.058246	
TS_DEC_COGEN_GAS	0.002082	0.000015	20.000000	0.000000	0.000110	Infinity	0.000000	-1.000000	1.000000	0.000947	1.000000	0.058246	
TS_DEC_COGEN_OIL	0.002058	0.000014	20.000000	0.000000	0.000108	Infinity	0.000000	-1.000000	1.000000	0.000752	1.000000	0.058246	
TS_DEC_ADVCOGEN_GAS	0.002075	0.000015	20.000000	0.000000	0.000109	Infinity	0.000000	-1.000000	1.000000	0.000813	1.000000	0.058246	
TS_DEC_ADVCOGEN_H2	0.002059	0.000014	20.000000	0.000000	0.000109	Infinity	0.000000	-1.000000	1.000000	0.000547	1.000000	0.058246	
TS_DEC_BOILER_GAS	0.002091	0.000015	20.000000	0.000000	0.000110	Infinity	0.000000	-1.000000	1.000000	0.001037	1.000000	0.058246	
TS_DEC_BOILER_WOOD	0.002087	0.000015	20.000000	0.000000	0.000110	Infinity	0.000000	-1.000000	1.000000	0.000829	1.000000	0.058246	
TS_DEC_BOILER_OIL	0.002079	0.000015	20.000000	0.000000	0.000110	Infinity	0.000000	-1.000000	1.000000	0.000856	1.000000	0.058246	
TS_DHN_DAILY	0.002993	0.000009	40.000000	0.000000	0.000998	Infinity	0.000000	-1.000000	1.000000	0.001162	1.000000	0.033427	
TS_DHN_SEASONAL	475.226931	2.586331	25.000000	0.000000	913.897943	Infinity	0.000000	-1.000000	1.000000	0.001444	1.000000	0.048263	
TS_HIGH_TEMP	51.358796	0.549684	25.000000	0.000000	1.832280	Infinity	0.000000	-1.000000	1.000000	0.037593	1.000000	0.048263	
GAS_STORAGE	1123.001404	29.422637	50.000000	0.000000	22460.028082	Infinity	0.000000	-1.000000	1.000000	0.000141	1.000000	0.028572	
H2_STORAGE	0.120108	0.007567	20.000000	0.000000	0.019404	Infinity	0.000000	-1.000000	1.000000	0.006358	1.000000	0.058246	
DIESEL_STORAGE	0.006942	0.000278	20.000000	0.000000	0.694191	Infinity	0.000000	-1.000000	1.000000	0.000000	1.000000	0.058246	
GASOLINE_STORAGE	0.006926	0.000277	20.000000	0.000000	0.692601	Infinity	0.000000	-1.000000	1.000000	0.000000	1.000000	0.058246	
LFO_STORAGE	0.007228	0.000289	20.000000	0.000000	0.722797	Infinity	0.000000	-1.000000	1.000000	0.000032	1.000000	0.058246	
AMMONIA_STORAGE	0.006853	0.000274	20.000000	0.000000	0.685287	Infinity	0.000000	-1.000000	1.000000	0.000043	1.000000	0.058246	
METHANOL_STORAGE	0.006998	0.000280	20.000000	0.000000	0.699840	Infinity	0.000000	-1.000000	1.000000	0.000000	1.000000	0.058246	
CO2_STORAGE	0.031353	0.000314	30.000000	0.000000	0.000633	Infinity	0.000000	-1.000000	1.000000	0.000009	1.000000	0.041639	
EFFICIENCY	5517.241379	0.000000	1.000000	0.000000	0.985222	Infinity	0.000000	-1.000000	1.000000	0.000000	1.000000	1.015000	
DHN	6126.340653	0.000000	60.000000	0.000000	7.417955	Infinity	0.000000	-1.000000	1.000000	0.000000	1.000000	0.025393	
GRID	100154.504097	0.000000	80.000000	0.000000	1.336836	Infinity	0.000000	-1.000000	1.000000	0.000000	1.000000	0.021548	
H2_ELECTROLYSIS	0.006577	0.000181	15.000000	0.000000	0.000013	Infinity	0.000000	-1.000000	1.000000	0.022996	0.900000	0.074944	
SMR	1302.820288	120.224572	25.000000	0.000000	2.067181	Infinity	0.000000	-1.000000	1.000000	0.860000	0.860000	0.048263	
H2_BIOMASS	0.000455	0.000032	25.000000	0.000000	0.000000	Infinity	0.000000	-1.000000	1.000000	0.000417	0.860000	0.048263	
GASIFICATION_SNG	0.000529	0.000037	25.000000	0.000000	0.000000	Infinity	0.000000	-1.000000	1.000000	0.000818	0.850000	0.048263	
SYN_METHANATION	0.000158	0.000040	40.000000	0.000000	0.000001	Infinity	0.000000	-1.000000	1.000000	0.001002	1.000000	0.033427	
BIOMETHANATION	0.001943	0.000027	20.000000	0.000000	0.000002	Infinity	0.000000	-1.000000	1.000000	0.016057	0.850000	0.058246	
BIO_HYDROLYSIS	3254.493590	221.894980	15.000000	0.000000	2.209867	Infinity	0.000000	-1.000000	1.000000	0.850000	0.850000	0.074944	
PYROLYSIS_TO_LFO	0.000624	0.000028	25.000000	0.000000	0.000001	Infinity	0.000000	-1.000000	1.000000	0.001773	0.850000	0.048263	
PYROLYSIS_TO_FUELS	0.000614	0.000017	25.000000	0.000000	0.000001	Infinity	0.000000	-1.000000	1.000000	0.000406	0.850000	0.048263	
ATM_CCS	0.000878	0.000022	40.000000	0.000000	0.000000	Infinity	0.000000	-1.000000	1.000000	0.000204	1.000000	0.033427	
INDUSTRY_CCS	0.000888	0.000022	40.000000	0.000000	0.000000	Infinity	0.000000	-1.000000	1.000000	0.000472	1.000000	0.033427	
AMMONIA_TO_H2	0.000400	0.000037	25.000000	0.000000	0.000001	Infinity	0.000000	-1.000000	1.000000	0.001758	0.860000	0.048263	