TECHNOLOGIES	 c_inv	 c_maint	 lifetime	  f_min	 f	 f_max	 fmin_perc	f_perc	 fmax_perc	 c_p	 c_p_max	 tau	 gwp_constr
 UNITS	[M€/GW]	 [M€/GW/y]	 [y]	 [GW or GWh]	 [GW or GWh]	 [GW or GWh]	 [0-1]	 [0-1]	 [0-1]	 [0-1]	 [0-1]	 [-]	 [ktCO2-eq./GW or GWh] 
NUCLEAR	0.000000	0.000000	60.000000	0.000000	0.000000	0.000000	0.000000	0.000000	1.000000	0.000000	0.849000	0.025393	0.000000
CCGT	7968.141215	201.808216	25.000000	0.000000	10.611879	Infinity	0.000000	0.362327	1.000000	0.576650	0.961540	0.048263	1950.357151
CCGT_AMMONIA	0.000000	0.000000	25.000000	0.000000	0.000000	Infinity	0.000000	0.000000	1.000000	0.000000	0.630000	0.048263	0.000000
COAL_US	0.000000	0.000000	35.000000	0.000000	0.000000	0.000000	0.000000	0.000000	1.000000	0.000000	0.868000	0.036934	0.000000
COAL_IGCC	0.000000	0.000000	35.000000	0.000000	0.000000	0.000000	0.000000	0.000000	1.000000	0.000000	0.856000	0.036934	0.000000
PV	33615.199428	383.888787	25.000000	0.000000	52.610062	59.200000	0.000000	0.354212	1.000000	0.113710	1.000000	0.048263	109504.162367
WIND_ONSHORE	9788.200000	113.845000	30.000000	0.000000	10.000000	10.000000	0.000000	0.144032	1.000000	0.243255	1.000000	0.041639	6228.500000
WIND_OFFSHORE	27919.200000	194.247600	30.000000	0.000000	6.000000	6.000000	0.000000	0.136276	1.000000	0.383592	1.000000	0.041639	3737.100000
HYDRO_RIVER	580.165800	5.801152	40.000000	0.000000	0.115000	0.115000	0.000000	0.003153	1.000000	0.463075	1.000000	0.033427	145.224300
GEOTHERMAL	0.000000	0.000000	30.000000	0.000000	0.000000	0.000000	0.000000	0.000000	1.000000	0.000000	0.950000	0.041639	0.000000
IND_COGEN_GAS	2354.196485	151.324975	25.000000	0.000000	1.797371	Infinity	0.000000	0.218641	1.000000	0.844444	0.850000	0.048263	1841.083023
IND_COGEN_WOOD	0.000000	0.000000	25.000000	0.000000	0.000000	Infinity	0.000000	0.000000	1.000000	0.000000	0.850000	0.048263	0.000000
IND_COGEN_WASTE	0.000000	0.000000	25.000000	0.000000	0.000000	Infinity	0.000000	0.000000	1.000000	0.000000	0.850000	0.048263	0.000000
IND_BOILER_GAS	0.000000	0.000000	17.000000	0.000000	0.000000	Infinity	0.000000	0.000000	1.000000	0.000000	0.950000	0.067080	0.000000
IND_BOILER_WOOD	0.000000	0.000000	17.000000	0.000000	0.000000	Infinity	0.000000	0.000000	1.000000	0.000000	0.900000	0.067080	0.000000
IND_BOILER_OIL	0.000000	0.000000	17.000000	0.000000	0.000000	Infinity	0.000000	0.000000	1.000000	0.000000	0.950000	0.067080	0.000000
IND_BOILER_COAL	399.585382	7.991673	17.000000	0.000000	3.469225	Infinity	0.000000	0.449777	1.000000	0.900000	0.900000	0.067080	167.147280
IND_BOILER_WASTE	213.239991	4.264781	17.000000	0.000000	1.851363	Infinity	0.000000	0.240025	1.000000	0.900000	0.900000	0.067080	53.448850
IND_DIRECT_ELEC	2377.533963	10.785465	15.000000	0.000000	7.153921	Infinity	0.000000	0.091558	1.000000	0.088844	0.950000	0.074944	10.516263
DHN_HP_ELEC	2165.263261	73.421898	25.000000	0.000000	6.813718	Infinity	0.000000	1.000000	1.000000	0.663527	0.950000	0.048263	1190.969745
DHN_COGEN_GAS	0.000000	0.000000	25.000000	0.000000	0.000000	Infinity	0.000000	0.000000	1.000000	0.000000	0.850000	0.048263	0.000000
DHN_COGEN_WOOD	0.000000	0.000000	25.000000	0.000000	0.000000	Infinity	0.000000	0.000000	1.000000	0.000000	0.850000	0.048263	0.000000
DHN_COGEN_WASTE	0.000000	0.000000	25.000000	0.000000	0.000000	Infinity	0.000000	0.000000	1.000000	0.000000	0.850000	0.048263	0.000000
DHN_COGEN_WET_BIOMASS	0.000000	0.000000	25.000000	0.000000	0.000000	Infinity	0.000000	0.000000	1.000000	0.000000	0.750000	0.048263	0.000000
DHN_COGEN_BIO_HYDROLYSIS	0.000000	0.000000	15.000000	0.000000	0.000000	Infinity	0.000000	0.000000	1.000000	0.000000	0.850000	0.074944	0.000000
DHN_BOILER_GAS	0.000000	0.000000	17.000000	0.000000	0.000000	Infinity	0.000000	0.000000	1.000000	0.000000	0.950000	0.067080	0.000000
DHN_BOILER_WOOD	0.000000	0.000000	17.000000	0.000000	0.000000	Infinity	0.000000	0.000000	1.000000	0.000000	0.900000	0.067080	0.000000
DHN_BOILER_OIL	0.000000	0.000000	17.000000	0.000000	0.000000	Infinity	0.000000	0.000000	1.000000	0.000000	0.950000	0.067080	0.000000
DHN_DEEP_GEO	0.000000	0.000000	30.000000	0.000000	0.000000	0.000000	0.000000	0.000000	1.000000	0.000000	0.850000	0.041639	0.000000
DHN_SOLAR	0.000000	0.000000	30.000000	0.000000	0.000000	Infinity	0.000000	0.000000	1.000000	0.000000	1.000000	0.041639	0.000000
DEC_HP_ELEC	8378.998093	349.361709	18.000000	0.000000	18.475069	Infinity	0.000000	0.993758	1.000000	0.452445	1.000000	0.063806	3046.354145
DEC_THHP_GAS	34.151209	0.998130	20.000000	0.000000	0.117366	Infinity	0.000000	0.006242	1.000000	0.447350	1.000000	0.058246	44.825662
DEC_COGEN_GAS	0.000000	0.000000	20.000000	0.000000	0.000000	Infinity	0.000000	0.000000	1.000000	0.000000	1.000000	0.058246	0.000000
DEC_COGEN_OIL	0.000000	0.000000	20.000000	0.000000	0.000000	Infinity	0.000000	0.000000	1.000000	0.000000	1.000000	0.058246	0.000000
DEC_ADVCOGEN_GAS	0.000000	0.000000	20.000000	0.000000	0.000000	Infinity	0.000000	0.000000	1.000000	0.000000	1.000000	0.058246	0.000000
DEC_ADVCOGEN_H2	0.000000	0.000000	20.000000	0.000000	0.000000	Infinity	0.000000	0.000000	1.000000	0.000000	1.000000	0.058246	0.000000
DEC_BOILER_GAS	0.000000	0.000000	17.000000	0.000000	0.000000	Infinity	0.000000	0.000000	1.000000	0.000000	1.000000	0.067080	0.000000
DEC_BOILER_WOOD	0.000000	0.000000	17.000000	0.000000	0.000000	Infinity	0.000000	0.000000	1.000000	0.000000	1.000000	0.067080	0.000000
DEC_BOILER_OIL	0.000000	0.000000	17.000000	0.000000	0.000000	Infinity	0.000000	0.000000	1.000000	0.000000	1.000000	0.067080	0.000000
DEC_SOLAR	0.000000	0.000000	20.000000	0.000000	0.000000	Infinity	0.000000	0.000000	1.000000	0.000000	1.000000	0.058246	0.000000
DEC_DIRECT_ELEC	0.000000	0.000000	15.000000	0.000000	0.000000	Infinity	0.000000	0.000000	1.000000	0.000000	1.000000	0.074944	0.000000
SFH_RENO	7.920000	0.000000	40.000000	0.000000	0.001100	10.000000	0.000000	0.000000	1.000000	0.000000	1.000000	0.033427	0.000000
TRAMWAY_TROLLEY	4977.081409	99.541628	30.000000	0.000000	7.963330	Infinity	0.000000	0.300000	0.300000	0.342470	0.342470	0.041639	0.000000
BUS_COACH_DIESEL	0.000000	0.000000	15.000000	0.000000	0.000000	Infinity	0.000000	0.000000	1.000000	0.000000	0.296800	0.074944	0.000000
BUS_COACH_HYDIESEL	0.000000	0.000000	15.000000	0.000000	0.000000	Infinity	0.000000	0.000000	1.000000	0.000000	0.296800	0.074944	0.000000
BUS_COACH_CNG_STOICH	13463.628830	655.120162	15.000000	0.000000	21.440265	Infinity	0.000000	0.700000	1.000000	0.296800	0.296800	0.074944	0.000000
BUS_COACH_FC_HYBRIDH2	0.000000	0.000000	15.000000	0.000000	0.000000	Infinity	0.000000	0.000000	1.000000	0.000000	0.296800	0.074944	0.000000
TRAIN_PUB	0.000000	0.000000	40.000000	0.000000	0.000000	Infinity	0.000000	0.000000	0.500000	0.000000	0.275070	0.033427	0.000000
CAR_GASOLINE	0.000000	0.000000	10.000000	0.000000	0.000000	Infinity	0.000000	0.000000	1.000000	0.000000	0.051370	0.108434	0.000000
CAR_DIESEL	0.000000	0.000000	10.000000	0.000000	0.000000	Infinity	0.000000	0.000000	1.000000	0.000000	0.051370	0.108434	0.000000
CAR_NG	0.000000	0.000000	10.000000	0.000000	0.000000	Infinity	0.000000	0.000000	1.000000	0.000000	0.051370	0.108434	0.000000
CAR_METHANOL	0.000000	0.000000	10.000000	0.000000	0.000000	Infinity	0.000000	0.000000	1.000000	0.000000	0.051370	0.108434	0.000000
CAR_HEV	0.000000	0.000000	10.000000	0.000000	0.000000	Infinity	0.000000	0.000000	1.000000	0.000000	0.051370	0.108434	0.000000
CAR_PHEV	0.000000	0.000000	10.000000	0.000000	0.000000	Infinity	0.000000	0.000000	1.000000	0.000000	0.051370	0.108434	0.000000
CAR_BEV	73381.917722	1769.646170	10.000000	0.000000	176.964617	Infinity	0.000000	1.000000	1.000000	0.051370	0.051370	0.108434	0.000000
CAR_FUEL_CELL	0.000000	0.000000	10.000000	0.000000	0.000000	Infinity	0.000000	0.000000	1.000000	0.000000	0.051370	0.108434	0.000000
TRAIN_FREIGHT	807.210505	16.143514	40.000000	0.000000	7.730420	Infinity	0.000000	1.000000	1.000000	0.342470	0.342470	0.033427	0.000000
BOAT_FREIGHT_DIESEL	0.000000	0.000000	40.000000	0.000000	0.000000	Infinity	0.000000	0.000000	1.000000	0.000000	0.114160	0.033427	0.000000
BOAT_FREIGHT_NG	2184.553036	106.290054	40.000000	0.000000	27.828701	Infinity	0.000000	1.000000	1.000000	0.114160	0.114160	0.033427	0.000000
BOAT_FREIGHT_METHANOL	0.000000	0.000000	40.000000	0.000000	0.000000	Infinity	0.000000	0.000000	1.000000	0.000000	0.114160	0.033427	0.000000
TRUCK_DIESEL	0.000000	0.000000	15.000000	0.000000	0.000000	Infinity	0.000000	0.000000	1.000000	0.000000	0.092590	0.074944	0.000000
TRUCK_METHANOL	0.000000	0.000000	15.000000	0.000000	0.000000	Infinity	0.000000	0.000000	1.000000	0.000000	0.092590	0.074944	0.000000
TRUCK_FUEL_CELL	20835.635908	621.044309	15.000000	0.000000	51.467618	Infinity	0.000000	1.000000	1.000000	0.092590	0.092590	0.074944	0.000000
TRUCK_ELEC	0.000000	0.000000	15.000000	0.000000	0.000000	Infinity	0.000000	0.000000	1.000000	0.000000	0.092590	0.074944	0.000000
TRUCK_NG	0.000000	0.000000	15.000000	0.000000	0.000000	Infinity	0.000000	0.000000	1.000000	0.000000	0.092590	0.074944	0.000000
HABER_BOSCH	0.000000	0.000000	20.000000	0.000000	0.000000	Infinity	0.000000	0.000000	1.000000	0.000000	1.000000	0.058246	0.000000
SYN_METHANOLATION	0.000000	0.000000	20.000000	0.000000	0.000000	Infinity	0.000000	0.000000	1.000000	0.000000	0.950000	0.058246	0.000000
METHANE_TO_METHANOL	0.000000	0.000000	25.000000	0.000000	0.000000	Infinity	0.000000	0.000000	1.000000	0.000000	0.850000	0.048263	0.000000
BIOMASS_TO_METHANOL	3005.141895	45.911890	20.000000	0.000000	1.703595	Infinity	0.000000	1.000000	1.000000	1.000000	1.000000	0.058246	0.000000
OIL_TO_HVC	1339.703511	7.122550	15.000000	0.000000	3.666202	Infinity	0.000000	0.749419	1.000000	1.000000	1.000000	0.074944	0.000000
GAS_TO_HVC	0.000000	0.000000	25.000000	0.000000	0.000000	Infinity	0.000000	0.000000	1.000000	0.000000	1.000000	0.048263	0.000000
BIOMASS_TO_HVC	0.000000	0.000000	20.000000	0.000000	0.000000	Infinity	0.000000	0.000000	1.000000	0.000000	1.000000	0.058246	0.000000
METHANOL_TO_HVC	790.677001	71.160562	20.000000	0.000000	1.225856	Infinity	0.000000	0.250581	1.000000	1.000000	1.000000	0.058246	0.000000
PHS	382.200000	0.000000	50.000000	5.000000	6.500000	6.500000	0.000000	-1.000000	1.000000	0.020606	1.000000	0.028572	
BATT_LI	0.000000	0.000000	15.000000	0.000000	0.000000	Infinity	0.000000	-1.000000	1.000000	0.000000	1.000000	0.074944	
BEV_BATT	0.000000	0.000000	1.000000	0.000000	175.560136	Infinity	0.000000	-1.000000	1.000000	0.003753	1.000000	1.015000	
PHEV_BATT	0.000000	0.000000	1.000000	0.000000	0.000000	Infinity	0.000000	-1.000000	1.000000	0.000000	1.000000	1.015000	
TS_DEC_DIRECT_ELEC	0.000000	0.000000	20.000000	0.000000	0.000000	Infinity	0.000000	-1.000000	1.000000	0.000000	1.000000	0.058246	
TS_DEC_HP_ELEC	1071.521747	7.501217	20.000000	0.000000	56.485068	Infinity	0.000000	-1.000000	1.000000	0.033407	1.000000	0.058246	
TS_DEC_THHP_GAS	2.765415	0.019359	20.000000	0.000000	0.145778	Infinity	0.000000	-1.000000	1.000000	0.054365	1.000000	0.058246	
TS_DEC_COGEN_GAS	0.000000	0.000000	20.000000	0.000000	0.000000	Infinity	0.000000	-1.000000	1.000000	0.000000	1.000000	0.058246	
TS_DEC_COGEN_OIL	0.000000	0.000000	20.000000	0.000000	0.000000	Infinity	0.000000	-1.000000	1.000000	0.000000	1.000000	0.058246	
TS_DEC_ADVCOGEN_GAS	0.000000	0.000000	20.000000	0.000000	0.000000	Infinity	0.000000	-1.000000	1.000000	0.000000	1.000000	0.058246	
TS_DEC_ADVCOGEN_H2	0.000000	0.000000	20.000000	0.000000	0.000000	Infinity	0.000000	-1.000000	1.000000	0.000000	1.000000	0.058246	
TS_DEC_BOILER_GAS	0.000000	0.000000	20.000000	0.000000	0.000000	Infinity	0.000000	-1.000000	1.000000	0.000000	1.000000	0.058246	
TS_DEC_BOILER_WOOD	0.000000	0.000000	20.000000	0.000000	0.000000	Infinity	0.000000	-1.000000	1.000000	0.000000	1.000000	0.058246	
TS_DEC_BOILER_OIL	0.000000	0.000000	20.000000	0.000000	0.000000	Infinity	0.000000	-1.000000	1.000000	0.000000	1.000000	0.058246	
TS_DHN_DAILY	0.000000	0.000000	40.000000	0.000000	0.000000	Infinity	0.000000	-1.000000	1.000000	0.000000	1.000000	0.033427	
TS_DHN_SEASONAL	475.247562	2.586443	25.000000	0.000000	913.937619	Infinity	0.000000	-1.000000	1.000000	0.001443	1.000000	0.048263	
TS_HIGH_TEMP	51.425547	0.550398	25.000000	0.000000	1.834661	Infinity	0.000000	-1.000000	1.000000	0.037629	1.000000	0.048263	
GAS_STORAGE	1123.079760	29.424690	50.000000	0.000000	22461.595201	Infinity	0.000000	-1.000000	1.000000	0.000141	1.000000	0.028572	
H2_STORAGE	0.000000	0.000000	20.000000	0.000000	0.000000	Infinity	0.000000	-1.000000	1.000000	0.000000	1.000000	0.058246	
DIESEL_STORAGE	0.000000	0.000000	20.000000	0.000000	0.000000	Infinity	0.000000	-1.000000	1.000000	0.000000	1.000000	0.058246	
GASOLINE_STORAGE	0.000000	0.000000	20.000000	0.000000	0.000000	Infinity	0.000000	-1.000000	1.000000	0.000000	1.000000	0.058246	
LFO_STORAGE	0.000000	0.000000	20.000000	0.000000	0.000000	Infinity	0.000000	-1.000000	1.000000	0.000000	1.000000	0.058246	
AMMONIA_STORAGE	0.000000	0.000000	20.000000	0.000000	0.000000	Infinity	0.000000	-1.000000	1.000000	0.000000	1.000000	0.058246	
METHANOL_STORAGE	0.000000	0.000000	20.000000	0.000000	0.000000	Infinity	0.000000	-1.000000	1.000000	0.000000	1.000000	0.058246	
CO2_STORAGE	0.000000	0.000000	30.000000	0.000000	0.000000	Infinity	0.000000	-1.000000	1.000000	0.000000	1.000000	0.041639	
EFFICIENCY	5517.241379	0.000000	1.000000	0.000000	0.985222	Infinity	0.000000	-1.000000	1.000000	0.000000	1.000000	1.015000	
DHN	6126.560832	0.000000	60.000000	0.000000	7.418222	Infinity	0.000000	-1.000000	1.000000	0.000000	1.000000	0.025393	
GRID	100153.840984	0.000000	80.000000	0.000000	1.336827	Infinity	0.000000	-1.000000	1.000000	0.000000	1.000000	0.021548	
H2_ELECTROLYSIS	0.000000	0.000000	15.000000	0.000000	0.000000	Infinity	0.000000	-1.000000	1.000000	0.000000	0.900000	0.074944	
SMR	1302.809832	120.223607	25.000000	0.000000	2.067165	Infinity	0.000000	-1.000000	1.000000	0.860000	0.860000	0.048263	
H2_BIOMASS	0.000000	0.000000	25.000000	0.000000	0.000000	Infinity	0.000000	-1.000000	1.000000	0.000000	0.860000	0.048263	
GASIFICATION_SNG	0.000000	0.000000	25.000000	0.000000	0.000000	Infinity	0.000000	-1.000000	1.000000	0.000000	0.850000	0.048263	
SYN_METHANATION	0.000000	0.000000	40.000000	0.000000	0.000000	Infinity	0.000000	-1.000000	1.000000	0.000000	1.000000	0.033427	
BIOMETHANATION	0.000000	0.000000	20.000000	0.000000	0.000000	Infinity	0.000000	-1.000000	1.000000	0.000000	0.850000	0.058246	
BIO_HYDROLYSIS	3254.499226	221.895364	15.000000	0.000000	2.209871	Infinity	0.000000	-1.000000	1.000000	0.850000	0.850000	0.074944	
PYROLYSIS_TO_LFO	0.000000	0.000000	25.000000	0.000000	0.000000	Infinity	0.000000	-1.000000	1.000000	0.000000	0.850000	0.048263	
PYROLYSIS_TO_FUELS	0.000000	0.000000	25.000000	0.000000	0.000000	Infinity	0.000000	-1.000000	1.000000	0.000000	0.850000	0.048263	
ATM_CCS	0.000000	0.000000	40.000000	0.000000	0.000000	Infinity	0.000000	-1.000000	1.000000	0.000000	1.000000	0.033427	
INDUSTRY_CCS	0.000000	0.000000	40.000000	0.000000	0.000000	Infinity	0.000000	-1.000000	1.000000	0.000000	1.000000	0.033427	
AMMONIA_TO_H2	0.000000	0.000000	25.000000	0.000000	0.000000	Infinity	0.000000	-1.000000	1.000000	0.000000	0.860000	0.048263	