Name	C_inv	C_maint	C_op
NUCLEAR	0.000000	0.000000	0.000000
CCGT	384.570016	201.808216	0.000000
CCGT_AMMONIA	0.000000	0.000000	0.000000
COAL_US	0.000000	0.000000	0.000000
COAL_IGCC	0.000000	0.000000	0.000000
PV	1622.385628	383.888787	0.000000
WIND_ONSHORE	407.572703	113.845000	0.000000
WIND_OFFSHORE	1162.532825	194.247600	0.000000
HYDRO_RIVER	19.393261	5.801152	0.000000
GEOTHERMAL	0.000000	0.000000	0.000000
IND_COGEN_GAS	113.621654	151.324975	0.000000
IND_COGEN_WOOD	0.000000	0.000000	0.000000
IND_COGEN_WASTE	0.000000	0.000000	0.000000
IND_BOILER_GAS	0.000000	0.000000	0.000000
IND_BOILER_WOOD	0.000000	0.000000	0.000000
IND_BOILER_OIL	0.000000	0.000000	0.000000
IND_BOILER_COAL	26.804050	7.991673	0.000000
IND_BOILER_WASTE	14.304065	4.264781	0.000000
IND_DIRECT_ELEC	178.182751	10.785465	0.000000
DHN_HP_ELEC	104.503084	73.421898	0.000000
DHN_COGEN_GAS	0.000000	0.000000	0.000000
DHN_COGEN_WOOD	0.000000	0.000000	0.000000
DHN_COGEN_WASTE	0.000000	0.000000	0.000000
DHN_COGEN_WET_BIOMASS	0.000000	0.000000	0.000000
DHN_COGEN_BIO_HYDROLYSIS	0.000000	0.000000	0.000000
DHN_BOILER_GAS	0.000000	0.000000	0.000000
DHN_BOILER_WOOD	0.000000	0.000000	0.000000
DHN_BOILER_OIL	0.000000	0.000000	0.000000
DHN_DEEP_GEO	0.000000	0.000000	0.000000
DHN_SOLAR	0.000000	0.000000	0.000000
DEC_HP_ELEC	534.628524	349.361709	0.000000
DEC_THHP_GAS	1.989162	0.998130	0.000000
DEC_COGEN_GAS	0.000000	0.000000	0.000000
DEC_COGEN_OIL	0.000000	0.000000	0.000000
DEC_ADVCOGEN_GAS	0.000000	0.000000	0.000000
DEC_ADVCOGEN_H2	0.000000	0.000000	0.000000
DEC_BOILER_GAS	0.000000	0.000000	0.000000
DEC_BOILER_WOOD	0.000000	0.000000	0.000000
DEC_BOILER_OIL	0.000000	0.000000	0.000000
DEC_SOLAR	0.000000	0.000000	0.000000
DEC_DIRECT_ELEC	0.000000	0.000000	0.000000
SFH_RENO	0.264743	0.000000	0.000000
TRAMWAY_TROLLEY	207.241630	99.541628	0.000000
BUS_COACH_DIESEL	0.000000	0.000000	0.000000
BUS_COACH_HYDIESEL	0.000000	0.000000	0.000000
BUS_COACH_CNG_STOICH	1009.022987	655.120162	0.000000
BUS_COACH_FC_HYBRIDH2	0.000000	0.000000	0.000000
TRAIN_PUB	0.000000	0.000000	0.000000
CAR_GASOLINE	0.000000	0.000000	0.000000
CAR_DIESEL	0.000000	0.000000	0.000000
CAR_NG	0.000000	0.000000	0.000000
CAR_METHANOL	0.000000	0.000000	0.000000
CAR_HEV	0.000000	0.000000	0.000000
CAR_PHEV	0.000000	0.000000	0.000000
CAR_BEV	7957.107918	1769.646170	0.000000
CAR_FUEL_CELL	0.000000	0.000000	0.000000
TRAIN_FREIGHT	26.982708	16.143514	0.000000
BOAT_FREIGHT_DIESEL	0.000000	0.000000	0.000000
BOAT_FREIGHT_NG	73.023277	106.290054	0.000000
BOAT_FREIGHT_METHANOL	0.000000	0.000000	0.000000
TRUCK_DIESEL	0.000000	0.000000	0.000000
TRUCK_METHANOL	0.000000	0.000000	0.000000
TRUCK_FUEL_CELL	1561.513308	621.044309	0.000000
TRUCK_ELEC	0.000000	0.000000	0.000000
TRUCK_NG	0.000000	0.000000	0.000000
HABER_BOSCH	0.000000	0.000000	0.000000
SYN_METHANOLATION	0.000000	0.000000	0.000000
METHANE_TO_METHANOL	0.000000	0.000000	0.000000
BIOMASS_TO_METHANOL	175.036701	45.911890	0.000000
OIL_TO_HVC	100.403216	7.122550	0.000000
GAS_TO_HVC	0.000000	0.000000	0.000000
BIOMASS_TO_HVC	0.000000	0.000000	0.000000
METHANOL_TO_HVC	46.053564	71.160562	0.000000
PHS	10.920097	0.000000	0.000000
BATT_LI	0.000000	0.000000	0.000000
BEV_BATT	0.000000	0.000000	0.000000
PHEV_BATT	0.000000	0.000000	0.000000
TS_DEC_DIRECT_ELEC	0.000000	0.000000	0.000000
TS_DEC_HP_ELEC	62.411573	7.501217	0.000000
TS_DEC_THHP_GAS	0.161074	0.019359	0.000000
TS_DEC_COGEN_GAS	0.000000	0.000000	0.000000
TS_DEC_COGEN_OIL	0.000000	0.000000	0.000000
TS_DEC_ADVCOGEN_GAS	0.000000	0.000000	0.000000
TS_DEC_ADVCOGEN_H2	0.000000	0.000000	0.000000
TS_DEC_BOILER_GAS	0.000000	0.000000	0.000000
TS_DEC_BOILER_WOOD	0.000000	0.000000	0.000000
TS_DEC_BOILER_OIL	0.000000	0.000000	0.000000
TS_DHN_DAILY	0.000000	0.000000	0.000000
TS_DHN_SEASONAL	22.937089	2.586443	0.000000
TS_HIGH_TEMP	2.481975	0.550398	0.000000
GAS_STORAGE	32.088279	29.424690	0.000000
H2_STORAGE	0.000000	0.000000	0.000000
DIESEL_STORAGE	0.000000	0.000000	0.000000
GASOLINE_STORAGE	0.000000	0.000000	0.000000
LFO_STORAGE	0.000000	0.000000	0.000000
AMMONIA_STORAGE	0.000000	0.000000	0.000000
METHANOL_STORAGE	0.000000	0.000000	0.000000
CO2_STORAGE	0.000000	0.000000	0.000000
EFFICIENCY	5600.000000	0.000000	0.000000
DHN	155.574378	0.000000	0.000000
GRID	2158.147323	0.000000	0.000000
H2_ELECTROLYSIS	0.000000	0.000000	0.000000
SMR	62.878102	120.223607	0.000000
H2_BIOMASS	0.000000	0.000000	0.000000
GASIFICATION_SNG	0.000000	0.000000	0.000000
SYN_METHANATION	0.000000	0.000000	0.000000
BIOMETHANATION	0.000000	0.000000	0.000000
BIO_HYDROLYSIS	243.906347	221.895364	0.000000
PYROLYSIS_TO_LFO	0.000000	0.000000	0.000000
PYROLYSIS_TO_FUELS	0.000000	0.000000	0.000000
ATM_CCS	0.000000	0.000000	0.000000
INDUSTRY_CCS	0.000000	0.000000	0.000000
AMMONIA_TO_H2	0.000000	0.000000	0.000000
ELECTRICITY	0.000000	0.000000	563.952341
GASOLINE	0.000000	0.000000	0.000000
DIESEL	0.000000	0.000000	0.000000
BIOETHANOL	0.000000	0.000000	0.000000
BIODIESEL	0.000000	0.000000	0.000000
LFO	0.000000	0.000000	4010.498233
GAS	0.000000	0.000000	7144.754373
GAS_RE	0.000000	0.000000	0.000000
WOOD	0.000000	0.000000	830.851632
WET_BIOMASS	0.000000	0.000000	242.332996
COAL	0.000000	0.000000	605.239140
URANIUM	0.000000	0.000000	0.000000
WASTE	0.000000	0.000000	444.535064
H2	0.000000	0.000000	0.000000
H2_RE	0.000000	0.000000	0.000000
AMMONIA	0.000000	0.000000	0.000000
METHANOL	0.000000	0.000000	0.000000
AMMONIA_RE	0.000000	0.000000	748.818861
METHANOL_RE	0.000000	0.000000	0.000000
ELEC_EXPORT	0.000000	0.000000	0.000000
CO2_EMISSIONS	0.000000	0.000000	0.000000
RES_WIND	0.000000	0.000000	0.000000
RES_SOLAR	0.000000	0.000000	0.000000
RES_HYDRO	0.000000	0.000000	0.000000
RES_GEO	0.000000	0.000000	0.000000
CO2_ATM	0.000000	0.000000	0.000000
CO2_INDUSTRY	0.000000	0.000000	0.000000
CO2_CAPTURED	0.000000	0.000000	0.000000
